tree
version=v4
num_class=1
num_tree_per_iteration=1
label_index=0
max_feature_idx=67
objective=regression
feature_names=gain_today gap_ratio shadow_upper shadow_lower close_to_high_ratio close_position volume_ratio_1d volume_trend_1d volume_ratio_3d volume_trend_3d volume_ratio_5d volume_trend_5d volume_ratio_10d volume_trend_10d volume_ratio_20d volume_trend_20d volume_position k d j macd_dif macd_dea macd_hist white_line yellow_line j_prev j_diff j_5d_slope macd_hist_diff macd_diff white_above_yellow close_above_yellow white_yellow_distance close_to_white k_cross_d_up ret_1d ret_3d ret_5d ret_10d ret_20d volatility_10d return_skew_10d pullback_10d pullback_5d b2_position_weight b2_prior_strong brick_val brick_rising brick_falling brick_green_to_red brick_red_to_green brick_green_streak brick_red_streak cross_below_yellow brick_streak_diff brick_momentum oamv_change_pct oamv_is_aggressive oamv_is_defensive oamv_is_normal oamv_volatility_20d oamv_amount_ratio oamv_change_3d oamv_change_5d oamv_signal oamv_agg_x_gain oamv_def_x_pullback oamv_agg_x_weight
feature_infos=[-0.042780748663101664:0.23221476510067118] [-0.18845315904139426:0.044692737430167551] [0:0.044987146529563052] [0:0.17333333333333334] [0.95694956949569487:1] [0:1] [1.0000023509016596:6165.3341721854304] [0.11143581234491813:174.52890866353258] [0.086537979927670997:109.59112606494629] [0.081064898925044232:52.434399057462002] [0.068992493837942523:17.751352236390954] [0.065796344647519572:24.799113472477728] [0.056275244321223945:15.785484053018671] [0.093220338983050849:319.23233287363001] [0.055638361792066569:17.176571970351343] [0.091312670920692798:985.55737218635488] [-2.26682056306251:4.2321524410188136] [6.2368761033527438:68.364029056850043] [6.1960689274261842:73.429200175222249] [-7.7010926335867751:69.99743707023957] [-6.7707154108178429:39.916559457263304] [-3.3702973843137976:43.633961733183554] [-18.45644166295375:6.6090451793976115] [0.20386225820730838:552.88684176208949] [0.18855576441102756:538.43255470450538] [-22.512758653299855:19.999549224182033] [-14.696798782292959:79.621049154232765] [-22.390590416451012:16.095424399091474] [-1.8779314865094818:4.9907340441111696] [-9.2282208314768752:3.3045225896988057] none none [6.3318355590148248e-06:0.60988083158290984] [0.75965547562187286:1.2849426081895645] [0:1] [0.040000000000000036:0.29337539432176651] [-0.19885550786838346:0.33205741626794261] [-0.31861198738170338:0.28728414442700134] [-0.44793466310664365:0.5902777777777779] [-0.62528344671201808:8.9095744680851059] [0.015407836631397141:0.52805395628522001] [-2.9276983591892409:3.0139392069702495] [-0.48035487959442336:0] [-0.36936936936936948:0] [0.67200000000000004:10.530000000000001] [0:1] [32.22293034448731:127.39089472195315] [0:1] [0:1] [0:1] none [0:14] [0:6] none [-6:14] [-1:1] [-4.9959839288732821:25.877227511442989] [0:1] [0:1] [0:1] [0:8.2800102347625959] [0:3.7270793452298974] [-10.536899868919402:71.294070378831222] [-13.173815138741373:106.47807374586699] [-1:1] [-0.025773195876288679:0.2169929196168261] [-0.32251707829742515:0] [0:10.530000000000001]
tree_sizes=5825 5810 5865 5721 5724 5823 5748 5843 5792 5809 5883

Tree=0
num_leaves=63
num_cat=0
split_feature=56 21 3 61 56 13 56 60 61 17 23 56 61 8 40 22 60 60 1 36 26 33 22 44 44 26 25 43 3 6 44 7 61 44 60 60 15 26 60 13 61 23 36 32 61 36 10 32 13 32 18 6 12 36 32 56 65 60 7 60 23 19
split_gain=2.20317 1.80317 1.03147 0.746578 0.740348 0.726493 0.475714 0.417586 0.44716 0.424073 0.312771 0.287355 0.361878 0.283296 0.271863 0.277683 0.26607 0.24952 0.226764 0.213623 0.203485 0.197953 0.18455 0.188865 0.178444 0.172594 0.164363 0.153634 0.142395 0.139321 0.125896 0.180411 0.149963 0.125327 0.121216 0.125577 0.117484 0.114937 0.113737 0.101506 0.101481 0.101157 0.100695 0.0976679 0.0965521 0.0937359 0.0924009 0.0923878 0.091616 0.0878251 0.0841207 0.0809409 0.0776451 0.0746585 0.0740251 0.0697736 0.0687108 0.0668937 0.0646854 0.106502 0.0661862 0.0628018
threshold=2.399069424583911 0.43690977748800103 0.064659461000581286 0.78850174066286416 2.6871826428058081 0.96145806166702685 5.6344245410805298 2.146427575506336 0.94136048487153456 44.297569696900986 4.3543311410705536 -0.14241052615038827 0.9575892856251671 1.1412429263865629 0.040999956983585974 -0.95600258149368611 1.7041737832038704 2.0726880208154497 -0.090830806414543094 -0.018399778402445773 29.066116657087601 1.0516807305517173 -0.12463271396175261 2.8440000000000003 2.8440000000000003 20.276428692389455 12.360019911614097 -0.01697288373644967 0.0022568732997626608 2.4412737281812782 2.9742000000000002 1.4864423418486397 0.91181654555874758 3.4398000000000004 1.0751278456841418 1.6206653297808238 1.3442808694286621 45.108178217724891 1.4375595738990581 1.3417789549239962 1.0893785794464173 11.251093955727109 -0.054914631442237731 0.071294522212578454 0.95795370928072976 0.014938379417356653 1.5081402608736998 0.083510682191691721 1.0734724027568878 0.065626289241161526 24.730625638624208 1.7830278028364637 1.1929218453460801 0.036421328724034925 0.11195756492119048 -0.79324383308747015 0.0050885176697947907 0.58559539250777981 1.5158685495495619 1.5397291422535957 12.356655641071344 49.939933836697229
decision_type=2 2 2 2 2 2 2 2 2 2 2 2 2 2 2 2 2 2 2 2 2 2 2 2 2 2 2 2 2 2 2 2 2 2 2 2 2 2 2 2 2 2 2 2 2 2 2 2 2 2 2 2 2 2 2 2 2 2 2 2 2 2
left_child=1 3 7 10 17 42 16 9 48 13 18 24 -13 25 45 -16 -6 -2 20 -18 -1 51 26 39 44 50 29 -28 54 36 -11 32 -32 34 49 -36 -12 -30 -27 46 61 -35 -4 56 55 -15 -24 -31 -9 -14 -3 -20 -29 -22 -23 57 -21 -5 59 60 -26 -10
right_child=4 2 5 11 6 -7 -8 8 40 30 22 12 33 14 15 -17 19 -19 21 43 53 28 23 -25 58 38 27 52 37 47 31 -33 -34 41 35 -37 -38 -39 -40 -41 -42 -43 -44 -45 -46 -47 -48 -49 -50 -51 -52 -53 -54 -55 -56 -57 -58 -59 -60 -61 -62 -63
leaf_value=0.0094091449691456573 0.00591737618342098 0.0054481639943176697 -0.0010980252844569613 0.0036921757918494417 0.0053333216588818703 0.0053394539844716597 0.0090063799169854096 0.0066800454540302317 0.0040559672782367199 0.0053054742649705743 0.0058052112751608691 0.0071009505318491498 0.0057530891466724583 0.0054501941171399551 0.0037625466840030854 0.0046644663836895011 0.0078186459801263264 0.0083358813644674543 0.0061646744871014705 0.0053946141941051727 0.0070386001659954759 0.0055253855588148519 0.0059363209273105644 0.006381288368785135 0.0067434907347195157 0.0054968897503057694 0.0041551962843470805 0.0055449640769283598 0.0047934049603089307 0.005389562927424341 0.0073878030768174474 0.0053163024335147763 0.0054700270558419297 0.0063740698138619453 0.0049674730976924557 0.0057781699715592555 0.0053120339832564119 0.0058834016073556275 0.0047140404262308059 0.0054024364620778986 0.0058054728793032482 0.0053060162215553472 0.0025976130533952205 0.0054884393565162639 0.0046822327046629657 0.0048547241618631066 0.0054787745714950306 0.003963358065249235 0.0054700270558419297 0.0050828928240236881 0.0044415423551680674 0.0057705057573429986 0.0048468901829728248 0.0054700270558419297 0.0071340362578987092 0.0054042491408601455 0.0064385044434052555 0.0050679590310818354 0.0053835581230582685 0.0049180046138564259 0.0054700270558419297 0.0054700270558419297
leaf_weight=32 64 135 39 39 290 52 54 290 131 796 1412 128 810 417 450 1487 87 251 1664 34 67 95 1328 413 129 997 144 340 298 159 104 133 53 226 799 194 580 104 193 783 38 90 36 194 604 791 664 70 82 209 348 887 215 50 51 737 544 1471 294 43 40 30
leaf_count=32 64 135 39 39 290 52 54 290 131 796 1412 128 810 417 450 1487 87 251 1664 34 67 95 1328 413 129 997 144 340 298 159 104 133 53 226 799 194 580 104 193 783 38 90 36 194 604 791 664 70 82 209 348 887 215 50 51 737 544 1471 294 43 40 30
internal_value=0.00547502 0.00539859 0.00498437 0.00557791 0.00658026 0.00229876 0.00622183 0.00503984 0.00579831 0.00496391 0.00574438 0.00531255 0.00555427 0.00484311 0.00467239 0.00444642 0.00607496 0.00789494 0.00598404 0.00634264 0.00716124 0.00592208 0.00561442 0.00577256 0.00513127 0.00517327 0.00544684 0.00504189 0.00542984 0.00556767 0.00548611 0.00603232 0.00673095 0.00547003 0.00538126 0.0051411 0.00565408 0.00511294 0.00538199 0.00567627 0.00469389 0.006023 0.000417377 0.00615408 0.00503766 0.00504769 0.00579141 0.00488373 0.00642982 0.00560068 0.00469128 0.00603367 0.00530088 0.00639114 0.00619685 0.00514018 0.00635117 0.00502135 0.00562892 0.00603841 0.00641328 0.00433849
internal_weight=23289 21771 6602 15169 1518 127 1203 6475 571 5904 9356 5813 2456 4818 3145 1937 1149 315 3248 859 149 3099 6108 3188 3357 1673 2920 699 548 2221 1086 290 157 2328 2012 993 1992 402 1190 2775 199 316 75 772 2851 1208 1992 229 372 1019 483 2551 555 117 146 2247 578 1510 506 212 169 161
internal_count=23289 21771 6602 15169 1518 127 1203 6475 571 5904 9356 5813 2456 4818 3145 1937 1149 315 3248 859 149 3099 6108 3188 3357 1673 2920 699 548 2221 1086 290 157 2328 2012 993 1992 402 1190 2775 199 316 75 772 2851 1208 1992 229 372 1019 483 2551 555 117 146 2247 578 1510 506 212 169 161
is_linear=0
shrinkage=1


Tree=1
num_leaves=63
num_cat=0
split_feature=60 22 3 60 60 60 37 36 60 35 3 57 25 60 63 23 40 60 60 60 60 32 10 15 35 60 32 62 32 2 24 7 32 36 24 7 22 10 60 63 46 12 62 24 43 22 40 35 46 25 35 46 25 22 12 22 32 22 20 26 20 7
split_gain=1.97722 1.7107 1.0995 0.935706 0.630784 0.423305 0.421469 0.381336 0.36667 0.364694 0.355602 0.286845 0.276341 0.231347 0.223474 0.251202 0.355793 0.24931 0.214963 0.473009 0.25177 0.199929 0.191923 0.19093 0.187344 0.179494 0.141868 0.139188 0.138661 0.137141 0.133219 0.160511 0.132318 0.302171 0.130561 0.129167 0.117439 0.110587 0.104003 0.103825 0.0980617 0.100413 0.0973581 0.0966997 0.126728 0.102676 0.0934699 0.0931951 0.092119 0.0814865 0.0746605 0.0924411 0.0732851 0.070681 0.0700085 0.0690999 0.0652459 0.0633051 0.0613342 0.0595797 0.0577549 0.053264
threshold=3.2842866400549364 -0.28190200783955915 0.053127090731305712 3.3344403598434376 1.0000000180025095e-35 0.73850352954737331 -0.16575423990296587 -0.06180122498298634 2.146427575506336 0.098510236919491803 0.005138866182056826 1.0000000180025095e-35 -0.96802001253166725 1.7041737832038704 5.7331271289560961 14.380873317725614 0.052119753837434731 0.61018384489951683 3.1101852024584686 2.146427575506336 1.2982259411874224 0.15209074964787175 1.306908350037056 1.1801129009176461 0.10029246935950421 1.7255954095260908 0.13267718004579052 7.2838252522769666 0.048496165694153333 0.024733082563927079 4.2288244047619061 1.5383466158193644 0.15027313301456796 -1.0000000180025095e-35 7.7538173558897254 1.6285609575266033 -0.020261805778523895 1.5543205589312181 1.2982259411874224 -1.2074099136816949 77.731220123254431 1.9477477084089598 4.5241755270616251 4.2787500000000014 -0.081994189799870873 -0.16040116422838668 0.050615102761591958 0.098510236919491803 86.920776930785465 9.7204546671679246 0.074598564716667717 95.167163419574308 5.2581718012780572 0.034663460963384428 1.1409544416831838 -0.055086702258518784 0.058681950987043451 -0.71063722489484105 0.79205573159807774 31.752560148512327 1.1604450765966867 1.4521010340311353
decision_type=2 2 2 2 2 2 2 2 2 2 2 2 2 2 2 2 2 2 2 2 2 2 2 2 2 2 2 2 2 2 2 2 2 2 2 2 2 2 2 2 2 2 2 2 2 2 2 2 2 2 2 2 2 2 2 2 2 2 2 2 2 2
left_child=1 2 8 -2 10 6 -4 -8 14 11 30 18 43 54 15 24 49 -18 19 20 -6 42 26 37 29 -16 34 -15 59 -1 32 50 -3 -34 46 -26 -21 47 -28 -10 52 56 -5 45 -45 -12 -11 -14 -44 -17 51 -32 -24 -30 -13 -39 -42 -9 -52 -25 -23 -47
right_child=3 4 5 21 9 -7 7 57 39 22 12 13 23 27 25 16 17 -19 -20 36 -22 60 40 28 35 -27 38 -29 53 -31 31 -33 33 -35 -36 -37 -38 55 -40 -41 41 -43 48 44 -46 61 -48 -49 -50 -51 58 -53 -54 -55 -56 -57 -58 -59 -60 -61 -62 -63
leaf_value=-0.00019248049358112508 0.0028134016924744416 0.00060848997498265227 0 0.00062314481854192408 -9.6617854116824888e-05 0 -0.0064393611714387167 -0.0036791977089887951 0.00092954701621614396 8.4145042103130459e-05 0.0026697873066046408 -0.0011948036555060586 0.00028360990650127686 0.0007514126989862219 -5.2207184688574298e-06 -0.00036897902174809445 -0.0019670190349006587 -0.00079928089889516314 -0.0010192197137052085 0.0013557976413875635 -0.00052188758250528409 0 3.5987555332620349e-05 -0.00026440654969795254 0.002078255340022545 0.001846139006166985 0.00068482515148141163 0.003037936667601267 -0.0004679759304691017 -0.0011425054430175094 0.00053117600287968939 4.7131255451984476e-05 0.0041893050734720686 0.0003457503551362606 0.00049123252550868027 0 -2.412683119473513e-05 -0.00049298398126911773 -0.0015488457948188571 -0.00044237624664674515 0 0.0010398200357092484 0.001719845070012022 -0.00098992311996661192 0.00043124176143403888 0.0010298924372153123 0.0021328389218492473 0.00161307677224873 0.00028212293275111522 -0.00078884783592353652 0.0013521138340006232 -0.00018465227590559443 0.0016515790678690685 0.00020814282335278778 0.00023669731418329983 0.00018440285950323173 -0.0011768402476710351 -0.00096487264960887838 0 0.0003127445472436755 -0.0013583359572415551 8.4624769293614429e-05
leaf_weight=1393 244 1437 30 757 3621 44 51 31 219 42 34 43 1180 117 204 1767 297 543 307 212 2014 34 115 220 50 55 32 44 1280 163 1090 1159 33 63 208 41 47 273 33 47 107 30 206 57 536 199 138 55 84 698 168 156 42 123 70 227 109 39 32 470 44 125
leaf_count=1393 244 1437 30 757 3621 44 51 31 219 42 34 43 1180 117 204 1767 297 543 307 212 2014 34 115 220 50 55 32 44 1280 163 1090 1159 33 63 208 41 47 273 33 47 107 30 206 57 536 199 138 55 84 698 168 156 42 123 70 227 109 39 32 470 44 125
internal_value=4.7511e-06 -6.37031e-05 -0.000512618 0.00111101 9.2107e-05 -0.00273501 -0.00348598 -0.00427193 -0.00043027 -0.00011261 0.000262088 -0.000191204 8.19432e-05 0.000744029 -0.000487392 -0.000533535 -0.000686552 -0.00123184 -0.000235061 -0.000191506 -0.00025134 0.000726293 0.000463921 -2.809e-05 -0.000217148 0.000335821 0.00088698 0.00148379 -0.000224355 -0.000302305 0.000466445 0.000324652 0.000697244 0.00185118 0.00111247 0.00106335 0.00104856 0.000200024 -0.000228205 0.000630211 0 -0.000385833 0.00084192 0.000540173 0.000267948 0.000947309 0.00174079 0.00035621 0.00135735 -0.000494225 0.000536538 0.000429449 0.000570838 -0.000397911 -0.000182157 -0.000155756 -0.000656845 -0.00241309 0.00112362 0.000106901 -0.000626918 0.000712742
internal_weight=23289 21920 5672 1369 16248 195 151 121 5477 7331 8917 6475 4779 274 5211 4952 3305 840 6201 5894 5635 1125 856 3828 1647 259 453 161 2093 1556 4138 2605 1533 96 388 91 259 1735 65 266 403 246 1047 951 593 358 180 1235 290 2465 1446 1246 157 1403 113 500 216 70 200 690 78 324
internal_count=23289 21920 5672 1369 16248 195 151 121 5477 7331 8917 6475 4779 274 5211 4952 3305 840 6201 5894 5635 1125 856 3828 1647 259 453 161 2093 1556 4138 2605 1533 96 388 91 259 1735 65 266 403 246 1047 951 593 358 180 1235 290 2465 1446 1246 157 1403 113 500 216 70 200 690 78 324
is_linear=0
shrinkage=0.03


Tree=2
num_leaves=63
num_cat=0
split_feature=56 21 3 56 56 13 42 23 56 8 63 44 36 1 60 60 26 60 22 44 60 13 3 22 60 16 35 60 6 14 60 21 60 6 39 36 3 42 60 36 63 8 10 6 42 3 56 39 42 63 63 10 1 4 62 44 42 56 18 7 9 11
split_gain=1.97472 1.63247 0.995039 0.655537 0.574415 0.558444 0.486109 0.464587 0.440029 0.315304 0.286151 0.25964 0.241714 0.230318 0.225267 0.218165 0.214426 0.210971 0.203843 0.181855 0.169289 0.156147 0.14405 0.136536 0.351397 0.200012 0.126486 0.14614 0.122169 0.118223 0.116522 0.115927 0.114878 0.10819 0.102498 0.112896 0.0993617 0.0965527 0.0945423 0.0944199 0.0926587 0.0837376 0.080811 0.0774437 0.0760965 0.0708361 0.0701848 0.0718126 0.0696728 0.0691906 0.0782992 0.0681671 0.0671971 0.0650545 0.0634042 0.0561239 0.0554396 0.054578 0.0534606 0.0511454 0.0498829 0.0484052
threshold=2.399069424583911 0.50213403956139524 0.064659461000581286 2.6871826428058081 -0.097773002426410058 0.96986262992910566 -0.041162227602905492 5.430089567085564 5.6344245410805298 1.1374956454601224 -8.356613802436673 2.8440000000000003 -0.018399778402445773 -0.082689019870400102 7.7397450746926379 2.146427575506336 28.391017405708613 2.0726880208154497 -0.2911339838673902 2.7150000000000003 3.4033523838459518 1.4260176679415588 0.053127090731305712 -0.95600258149368611 1.0000000180025095e-35 1.3393806000743365 0.057377049180327939 1.2952384486441186 1.3048216136836179 1.3583005913718071 2.0472097928913873 0.12539664527087499 1.1607928812378703 1.6911092102994547 0.36297707292206399 0.030008960573476687 0.0089285714285714073 -0.13000956022944551 3.1101852024584686 -0.06180122498298634 0.40146254014563626 2.1894338684153962 1.2515410377839473 1.7562353505890518 -0.058823529411764656 0.0027441117373685122 -3.426765095829198 0.11168211473289959 -0.12587962784658305 -2.6560150597131567 5.9610635118497743 1.3205696159230413 -0.076215991663380819 0.9982568268373716 -5.7346989038934639 4.5180000000000007 -0.044606349216876888 -1.9812223512076619 52.02623168968983 0.94585312122213649 0.6131388468091048 0.53316532232928415
decision_type=2 2 2 2 2 2 2 2 2 2 2 2 2 2 2 2 2 2 2 2 2 2 2 2 2 2 2 2 2 2 2 2 2 2 2 2 2 2 2 2 2 2 2 2 2 2 2 2 2 2 2 2 2 2 2 2 2 2 2 2 2 2
left_child=1 4 6 17 10 48 9 13 12 26 46 20 -5 16 -14 23 -6 -2 22 33 38 41 28 24 -11 -25 39 29 -9 -28 32 -23 34 36 35 -8 -20 -13 40 59 -12 45 55 -36 52 -15 -1 -48 -4 -17 -51 -44 -39 -18 -41 -21 -35 -46 -34 -3 -29 -33
right_child=3 2 5 8 7 -7 30 18 -10 15 11 37 14 21 -16 49 53 -19 19 42 -22 31 -24 25 -26 -27 27 60 -30 -31 -32 61 58 56 43 -37 -38 44 -40 54 -42 -43 51 -45 57 -47 47 -49 -50 50 -52 -53 -54 -55 -56 -57 -58 -59 -60 -61 -62 -63
leaf_value=-0.00070670659097320416 0.00044215466324777267 -4.1579626574131998e-05 -0.0062358971871435643 0.0019829273547345241 0.0029901777684625068 -0.00021289397842095544 0.00026175705849826325 0.00015038147900643683 0.0033919364052232013 -0.0025700724679487258 -0.00046698229649618205 -0.00096631238808976886 -3.5972328772921492e-05 0.00069425458172855514 0.00081973835832786139 0.00074692685828326387 0 0.0026976346404678354 0.00029266904010773708 0.00037440239270375756 0.00053443674576339234 0.00024840425172709943 -0.0023231775834309785 -0.00085878787586412219 -0.00083514464752928086 0.00020975444062059978 0.00051649731521697002 0 -0.00047061824254759747 -0.0011614285373739344 0.00069631866721230767 9.9338838898312622e-05 -0.00064055421693920292 -0.00053179297958177432 0.0014149729902827657 -0.0003926891371674555 -0.0001541074075181769 0.0013790136743399844 -0.0010713764000386792 0.00043871981269192126 0 0 -0.0006338824660203072 0 0.0009067326034778489 0.00037014443755388981 0.00060251356944708079 -0.00016463907820385095 -0.0027148680536843396 -0.0013628701029919346 0.00034347729658614244 0.00018587976840820766 0 0.0010195457484307511 -0.00045115419059550335 0.0010184344999471355 -8.545028731791805e-05 -2.0972052570512317e-05 0.00027443565003205695 -0.0019488139108017838 -0.00091409219466910064 -0.00070975683490938867
leaf_weight=40 64 37 39 104 54 44 490 406 54 163 2483 45 478 1181 567 92 76 251 1157 1202 150 502 32 1527 431 151 414 42 766 36 185 51 388 411 81 447 682 110 234 62 420 378 97 39 63 2047 534 102 33 42 33 803 71 260 747 178 925 305 42 65 146 230
leaf_count=40 64 37 39 104 54 44 490 406 54 163 2483 45 478 1181 567 92 76 251 1157 1202 150 502 32 1527 431 151 414 42 766 36 185 51 388 411 81 447 682 110 234 62 420 378 97 39 63 2047 534 102 33 42 33 803 71 260 747 178 925 305 42 65 146 230
internal_value=4.74043e-06 -6.75769e-05 -0.000500218 0.00105114 8.77393e-05 -0.00325916 -0.000440459 0.000201859 0.000712745 -0.000620481 -0.000195389 -0.000296753 0.000570946 0.000427829 0.000414322 -0.000836099 0.0011438 0.0022897 3.73932e-05 0.000117387 -0.000402895 0.000360546 -0.000312385 -0.000914043 -0.00133996 -0.00075363 -0.000270979 3.13126e-05 -0.000242761 0.000346726 -1.99789e-06 -4.89907e-06 -9.93668e-05 -2.50536e-05 5.62544e-05 -3.45437e-05 0.000118834 0.000265084 -0.000452651 -0.000498932 -0.000397261 0.000444036 0.000322241 0.000883629 0.000394865 0.000493547 0.000363976 0.000455866 -0.00488687 0.000134161 -0.000420068 8.0274e-05 0.000909682 0.000794554 -0.00036398 0.000469012 -0.000234275 9.92234e-05 -0.000515951 -0.00140973 -0.000642142 -0.000509887
internal_weight=23289 21771 5776 1518 15995 116 5660 11438 1203 3988 4557 3881 1149 4779 1045 2439 390 315 6659 5455 3287 4389 1204 2272 594 1678 1549 638 1172 450 1672 783 1487 3175 1057 937 1839 594 3137 911 2903 3606 2280 120 549 3228 676 636 72 167 75 900 181 336 809 1380 1336 368 430 102 188 281
internal_count=23289 21771 5776 1518 15995 116 5660 11438 1203 3988 4557 3881 1149 4779 1045 2439 390 315 6659 5455 3287 4389 1204 2272 594 1678 1549 638 1172 450 1672 783 1487 3175 1057 937 1839 594 3137 911 2903 3606 2280 120 549 3228 676 636 72 167 75 900 181 336 809 1380 1336 368 430 102 188 281
is_linear=0
shrinkage=0.03


Tree=3
num_leaves=63
num_cat=0
split_feature=56 22 36 56 56 20 23 56 63 35 56 44 26 36 32 32 63 36 62 32 25 25 62 63 22 19 23 0 6 13 20 10 56 42 2 26 25 56 49 44 20 63 38 0 43 10 41 43 44 41 19 66 38 36 10 39 18 35 9 11 56 6
split_gain=1.86175 1.5184 0.7344 0.616765 0.526323 0.482655 0.46746 0.413894 0.347766 0.272795 0.260737 0.2495 0.229245 0.2272 0.20747 0.202142 0.197208 0.196119 0.178536 0.177196 0.312275 0.17749 0.17401 0.168548 0.167329 0.165736 0.1463 0.135538 0.128882 0.128695 0.126537 0.123821 0.114107 0.113487 0.121405 0.10748 0.104688 0.0991302 0.0938047 0.0934129 0.0925312 0.091891 0.0853335 0.0843223 0.0782691 0.0777733 0.0771503 0.074162 0.0741161 0.0725784 0.0723444 0.0681923 0.075715 0.0601127 0.0596027 0.0581821 0.0571201 0.0692658 0.0527217 0.0707787 0.0508199 0.0457103
threshold=2.399069424583911 -0.28190200783955915 -0.065684880892510719 2.6871826428058081 -0.17223295257574042 0.30296195944107757 10.793092015099065 5.6344245410805298 -8.6539482403164083 0.097488656470629556 -0.50335122958481959 2.8440000000000003 25.16818364193367 -0.018399778402445773 0.16405999464558674 0.10453777044256256 -8.6539482403164083 0.036421328724034925 1.8605856961636527 0.1482378451290052 15.229183163889877 4.2763750591432599 2.2856687351797138 6.826669027935873 -0.087429132854498173 11.922459951868051 16.354235940664996 0.048279561935770217 1.4197340032624286 1.5137169374338384 1.4652575227059155 1.3022570539188234 0.65136772480179916 -0.12038174538174544 0.017289014939054523 29.460894239106555 8.9661752942010029 3.8872115902460984 1.0000000180025095e-35 2.9742000000000002 0.15658619788533515 1.5415660200730488 -0.10238211374020727 0.04134519552313743 -0.029980152594059836 1.3338745452573013 0.1221233892801017 -0.016284961141892037 2.1300000000000003 0.41887013360522246 31.459657147005423 -0.023796102586702724 0.051836921945895738 0.02400564971751418 1.106562395278831 0.28514278469779092 36.346984094306258 0.066273359754686414 0.97828296939176118 0.83375370286266126 -0.43633594685413829 3.3782777471227656
decision_type=2 2 2 2 2 2 2 2 2 2 2 2 2 2 2 2 2 2 2 2 2 2 2 2 2 2 2 2 2 2 2 2 2 2 2 2 2 2 2 2 2 2 2 2 2 2 2 2 2 2 2 2 2 2 2 2 2 2 2 2 2 2
left_child=1 2 6 22 11 9 14 13 50 19 -8 16 26 -5 -1 -12 58 33 29 21 -21 32 -2 27 -15 -17 28 38 48 53 -29 44 -6 34 -7 47 -28 -26 -14 54 -23 -38 -11 -33 -13 -30 -25 -19 -10 -41 -4 -46 -53 -18 -35 -45 -37 -58 -3 -60 -31 -44
right_child=3 4 8 7 5 17 10 -9 12 42 15 31 23 24 -16 25 18 35 -20 20 -22 40 -24 46 37 -27 36 30 45 60 -32 43 -34 39 -36 56 41 -39 -40 49 -42 -43 61 55 51 -47 -48 -49 -50 -51 -52 52 -54 -55 -56 -57 57 -59 59 -61 -62 -63
leaf_value=-0.0017406576052513521 0 3.2599551036271379e-05 0.00097927549962540587 0.0019240060849115251 0.00044894110153559255 0 -0.00021081112403961645 0.0032920283632014284 -0.000541606550857435 0.0022073587806860232 -0.00045653941304943358 0 -0.00074216384528775939 -0.00011951694676242459 0.0013345379693473272 -0.0012060330372037856 -0.00014643186943619237 0 0.00076791704674380719 0.00046476963818948826 0.0036552729793383099 0.00017504696912879766 0.002490278766746885 -0.00022705777109984087 0 -0.0043312652370712549 -0.0008382517026982347 -0.00042037249169474505 -0.00043272204484310348 -0.00082954023436085606 -0.0010897021252883185 0.00079059713722017476 -0.0001228737979289296 0.00021944391432543854 -0.0018928784800745131 -0.00065900952764164121 -0.0020668340769712142 0.00084009018527047793 0 0.0010418952112536755 -0.00012570916439290941 0 0.00083468012204564624 -8.7874024253105742e-05 0.0022747217111173086 -0.0017841742400948502 0.0011559923514662506 -0.0013274119995392002 0.00027721584335042713 0 6.7132689415621251e-05 0.001291886200761479 5.1539860552028666e-05 -0.00048021689448561286 -0.00018429710815951239 -0.0013597892575586835 -0.0004959339616824374 0.00021496034144157807 0 0.0015685507647089025 0 0
leaf_weight=33 39 291 139 104 2993 104 45 54 180 52 33 120 180 330 46 36 1274 46 107 166 37 3763 276 33 144 109 460 1991 143 759 338 71 306 639 53 259 172 571 1015 154 1159 30 544 249 39 88 94 196 201 75 273 98 131 1019 671 44 209 272 53 59 59 61
leaf_count=33 39 291 139 104 2993 104 45 54 180 52 33 120 180 330 46 36 1274 46 107 166 37 3763 276 33 144 109 460 1991 143 759 338 71 306 639 53 259 172 571 1015 154 1159 30 544 249 39 88 94 196 201 75 273 98 131 1019 671 44 209 272 53 59 59 61
internal_value=4.63529e-06 -6.55641e-05 -0.000489658 0.00102068 8.17708e-05 0.000186923 -0.00193974 0.000691889 -0.000404445 0.000291887 -0.00263965 -0.000197531 -0.000475928 0.00055389 0 -0.00316528 -0.000302838 -0.000163385 -0.00038328 0.00024344 0.00113489 0.000219467 0.00222273 -0.000347711 0.000401484 -0.00367166 -0.000831044 -0.000389203 -0.00045373 -0.000427929 -0.000524374 0.000289344 0.000391336 2.3638e-05 -0.000730081 -0.000501346 -0.00115603 0.000662727 -0.000113 0.000110692 0.000101169 -0.00179808 0.00088897 -7.18795e-05 0.000666098 -0.00101769 0.000680463 -0.00107415 -7.07675e-05 0.000669 0.000412816 0.000950516 0.00065087 -0.000301448 1.21773e-06 -0.000333874 -0.000292584 -6.31991e-05 0.000301732 0.000861776 -0.00076336 0.000747446
internal_weight=23289 21771 5639 1518 16132 11759 302 1203 5337 9081 223 4373 4925 1149 79 178 3621 2678 3218 8424 203 8221 315 3651 1045 145 1274 3524 612 3111 2329 752 3299 1696 157 982 662 715 1195 1539 4922 202 657 364 388 231 127 242 381 229 412 268 229 2293 1310 293 740 481 403 112 818 605
internal_count=23289 21771 5639 1518 16132 11759 302 1203 5337 9081 223 4373 4925 1149 79 178 3621 2678 3218 8424 203 8221 315 3651 1045 145 1274 3524 612 3111 2329 752 3299 1696 157 982 662 715 1195 1539 4922 202 657 364 388 231 127 242 381 229 412 268 229 2293 1310 293 740 481 403 112 818 605
is_linear=0
shrinkage=0.03


Tree=4
num_leaves=63
num_cat=0
split_feature=56 22 3 61 13 56 60 56 3 25 61 60 60 22 60 3 33 1 60 60 60 60 33 39 56 61 13 62 60 63 6 1 37 42 28 42 25 23 37 24 7 13 39 61 37 1 1 63 28 33 25 16 16 61 26 22 41 33 33 62 17 39
split_gain=1.75505 1.43299 0.96063 0.740671 0.642241 0.580177 0.425846 0.389346 0.305275 0.262246 0.249608 0.218567 0.214577 0.227293 0.486926 0.19894 0.19758 0.219514 0.187428 0.174804 0.160914 0.254213 0.153615 0.147744 0.176213 0.395727 0.129569 0.129135 0.171989 0.16029 0.128587 0.173623 0.130796 0.125665 0.110881 0.110814 0.126516 0.118572 0.103422 0.0992079 0.0952834 0.0900591 0.082642 0.0825663 0.0823238 0.116808 0.081954 0.0723369 0.0698575 0.0681979 0.0671733 0.0661347 0.0658241 0.0631277 0.0606071 0.0601914 0.058921 0.058649 0.0567986 0.0541335 0.0504181 0.048771
threshold=2.399069424583911 -0.28190200783955915 0.053127090731305712 0.78850174066286416 0.95427054006686263 2.6871826428058081 2.146427575506336 5.6344245410805298 0.005138866182056826 -0.96802001253166725 0.94136048487153456 1.7041737832038704 1.3747289792220443 -1.0432938087451784 1.0000000180025095e-35 0.029211849865258505 0.91287114310366846 -0.11033507291615861 2.0726880208154497 1.7374394121990078 3.3974633926162157 1.2982259411874224 0.98016271384693743 0.24540668342619912 -0.49479147150933706 0.94510037802468194 0.9502977952442011 -1.9479227200948244 0.55045792126310189 -3.6245039047776202 1.8264853863517929 -0.090201960711322846 -0.02556795757900809 -0.02123414765872161 -0.04444467565204873 -0.070683349479160981 12.670285908398508 5.8835283881784566 -0.0072652759600301811 4.8758239348370944 1.4521010340311353 1.5409926613767921 0.039460375483550532 0.7343373331934463 0.010877453145705875 -0.070991662658329388 -0.043771043771043787 3.0682326624430716 0.013304031628250489 1.0522697079212573 14.544944030842816 1.5734695805256906 1.9201911710699535 0.85263823193628174 22.410389718004243 -0.015827018066143114 0.98532393093224602 1.1154516510779735 1.0480473599836742 0.13909665732076973 30.53418381599101 0.0077422176860829648
decision_type=2 2 2 2 2 2 2 2 2 2 2 2 2 2 2 2 2 2 2 2 2 2 2 2 2 2 2 2 2 2 2 2 2 2 2 2 2 2 2 2 2 2 2 2 2 2 2 2 2 2 2 2 2 2 2 2 2 2 2 2 2 2
left_child=1 2 6 8 22 18 12 11 30 34 -8 -7 13 14 15 -1 26 -18 -2 -13 21 27 -4 24 50 -26 -15 28 -5 -30 31 32 -3 53 -10 37 52 49 -16 46 -6 42 -36 57 45 -29 60 -21 -34 -11 -23 56 -37 -25 -22 -39 -14 -33 -38 -56 -32 -46
right_child=5 3 4 20 40 7 10 -9 9 35 -12 19 51 16 38 -17 17 -19 -20 47 54 23 -24 33 25 -27 -28 44 29 -31 39 43 48 -35 41 36 58 55 -40 -41 -42 -43 -44 -45 61 -47 -48 -49 -50 -51 -52 -53 -54 -55 59 -57 -58 -59 -60 -61 -62 -63
leaf_value=-0.0014801777628426615 0.00040036008985211641 0.0030844811238879945 -0.0046666088384272678 -0.0024217128967318462 0.00046946438721573469 -0.00013140396145412447 0.00090907496967476903 0.003195063192397356 -0.00064138705190271139 9.2014382349982272e-05 -0.0010520233111097836 0.0021474459616070175 -0.0010999183442204899 0 0 -0.0041723986405583962 -0.0024161479807377835 -0.00028011037470611003 0.0025426148515405311 -2.186903814045885e-05 0 -0.00070325573473860358 -0.0012883430050715104 0 0.0015412558402421118 -0.00028079044674875464 0.0023270584907149894 0.00097973653071094301 -2.2239101313614634e-05 -0.00078106070008559126 0 0.0005449814925122861 -4.4138635463652107e-05 0 0.00024459706508623056 0.00028543164113435258 3.2892300897601227e-06 -0.00077719547697300347 -0.00083944248344374091 0 -0.0015828044318984592 0 0.00094063884171641352 -0.00011977849566548854 0.00034303239087858422 0.00011944535333705585 0 0.00072145573666677909 0.001417939904311016 -0.00086177638465750005 0 0 -0.00037016929357218419 -0.0014451842748893348 0 5.0723857972931499e-05 -0.00015797418142762888 -0.00055638873236133683 -0.0003905483946485254 0.0011331930896267294 0.00088699260708381179 -0.00021445622571521775
leaf_weight=184 64 45 88 33 45 290 322 54 59 582 64 84 682 66 320 40 45 3313 251 96 82 883 31 37 123 783 39 174 1126 339 104 2678 30 68 309 1694 655 409 215 912 30 167 545 150 153 1145 212 679 48 75 133 47 130 267 56 57 108 30 542 138 335 824
leaf_count=184 64 45 88 33 45 290 322 54 59 582 64 84 682 66 320 40 45 3313 251 96 82 883 31 37 123 783 39 174 1126 339 104 2678 30 68 309 1694 655 409 215 912 30 167 545 150 153 1145 212 679 48 75 133 47 130 267 56 57 108 30 542 138 335 824
internal_value=4.4286e-06 -6.37108e-05 -0.000475716 7.93978e-05 -0.00255911 0.00099095 -0.000398276 0.000671505 0.000244101 8.40578e-05 0.000543281 0.000537185 -0.000473174 -0.000379919 -0.000859111 -0.00204401 -0.000270345 -0.000313911 0.00215748 0.000780234 -0.000171045 -0.000204969 -0.00392963 -0.000455046 -0.00033698 -1.54619e-05 0.000971265 -4.97295e-05 -0.000268821 -0.000208475 0.000424736 0.000543148 0.00169352 -0.0010223 0.000500792 -2.10264e-05 6.96242e-05 -0.000278077 -0.000332133 0.000189102 -0.0001641 0.000582035 0.000706917 0.000487818 8.67387e-05 0.000244953 0.000471935 0.00061014 0.000672288 0 -0.000608642 -0.000924654 0.000230309 -0.0012841 0.000521131 -0.000643915 -0.000990472 0.000527042 -0.000162696 0.000815785 0.000705455 -0.000111554
internal_weight=23289 21771 5639 16132 194 1518 5445 1203 9768 5224 386 1149 5059 4222 759 224 3463 3358 315 859 6364 6088 119 2294 1922 906 105 3794 1498 1465 4544 2981 123 372 1080 4144 3021 1123 535 1563 75 1021 854 2858 2296 1319 651 775 78 657 1016 837 1824 304 276 466 790 2708 1197 194 439 977
internal_count=23289 21771 5639 16132 194 1518 5445 1203 9768 5224 386 1149 5059 4222 759 224 3463 3358 315 859 6364 6088 119 2294 1922 906 105 3794 1498 1465 4544 2981 123 372 1080 4144 3021 1123 535 1563 75 1021 854 2858 2296 1319 651 775 78 657 1016 837 1824 304 276 466 790 2708 1197 194 439 977
is_linear=0
shrinkage=0.03


Tree=5
num_leaves=63
num_cat=0
split_feature=62 21 60 3 13 60 60 21 63 63 26 2 35 3 60 60 18 63 25 8 27 9 0 63 25 60 8 40 60 56 24 43 10 40 35 63 60 23 25 56 32 36 0 60 44 15 32 35 10 21 28 22 32 22 17 26 14 44 60 60 2 2
split_gain=1.70485 1.59933 0.947999 0.898477 0.648232 0.536589 0.514785 0.338807 0.307334 0.28013 0.277322 0.265681 0.244414 0.226288 0.206726 0.333638 0.220961 0.214713 0.161 0.15845 0.174151 0.15515 0.147802 0.146348 0.136531 0.134689 0.131206 0.122881 0.19439 0.121029 0.121023 0.210836 0.115859 0.114803 0.114658 0.112993 0.271269 0.107766 0.102245 0.102064 0.0987144 0.130263 0.124281 0.0899227 0.0820667 0.0779073 0.0858625 0.0788589 0.0764254 0.0886017 0.0740662 0.0729678 0.0704985 0.0665022 0.0642631 0.062068 0.0605441 0.0603873 0.0601936 0.059359 0.061184 0.0572669
threshold=3.0461025534518908 0.50213403956139524 1.7041737832038704 0.053127090731305712 0.96556580520741153 7.612814060584566 0.49895016429579758 0.1528598465923442 8.12743082002231 6.128378601644747 25.16818364193367 0.00084889888158651489 0.099999999999999992 0.015463917525773191 2.0047314906161122 1.1607928812378703 45.821105409805696 -2.6560150597131567 15.923762324127091 1.1374956454601224 -11.437917172033364 0.93946453185355516 0.076154326322865687 -9.2314054426053982 1.3784755100165855 1.2864260596613371 1.1933721442251395 0.0363988090805357 0.61018384489951683 3.8872115902460984 4.5193937969924827 -0.086070866783386865 1.59087673508772 0.04113502777856564 0.099999999999999992 6.2750815086714331 2.3788188887518831 13.219736923578317 -0.83840642117658593 -3.426765095829198 0.10626723364357109 0.048046404473854561 0.090096173734992915 3.4033523838459518 4.410000000000001 3.0700214213071058 0.10530602462367973 0.057566853339688147 1.3905173917237643 0.36245976679341624 0.057929433829558806 -0.11115747929500318 0.070203167301581507 -0.43293167637285096 16.973708138059546 31.117683407295996 1.4238762192457395 2.3040000000000007 0.92589899573459677 1.0876544777360977 0.011389161326214566 0.029411764705882335
decision_type=2 2 2 2 2 2 2 2 2 2 2 2 2 2 2 2 2 2 2 2 2 2 2 2 2 2 2 2 2 2 2 2 2 2 2 2 2 2 2 2 2 2 2 2 2 2 2 2 2 2 2 2 2 2 2 2 2 2 2 2 2 2
left_child=1 6 25 10 -5 8 7 32 9 -4 19 40 23 22 15 16 26 -16 48 45 -21 -6 24 39 -13 58 -12 35 -29 -11 51 -32 44 -22 -18 36 -25 -35 -27 -8 53 42 -42 -30 50 46 -3 -47 49 -14 61 -15 -17 -9 -48 -7 -10 -34 -2 60 -60 -1
right_child=2 3 5 4 21 55 12 11 56 29 14 13 18 30 17 52 34 -19 -20 20 33 -23 -24 27 -26 38 -28 28 43 -31 31 -33 57 37 -36 -37 -38 -39 -40 -41 41 -43 -44 -45 -46 47 54 -49 -50 -51 -52 -53 -54 -55 -56 -57 -58 -59 59 -61 -62 -63
leaf_value=0.00049499999638201247 0 -6.3371077008658321e-05 0 -0.0043049427956029082 -0.0017165538021608401 0.00049291626003191943 -0.0010704315107847963 -0.00099788125985386688 0.0012414499163155837 0.0022232700724538848 1.1284381275448185e-05 0.00045956662287439422 0.0010229370048300762 0.0010510732448245914 0.00098484078968808062 -0.00045720285313601743 0.00022790756696263524 -0.00059809577830178152 0.0023250203762224622 0.0004486799156887734 -0.00024872437420981442 0.00098666042883203096 -0.00068939602475252175 -0.00013271266145317294 -3.8731307079684068e-05 0.00041754114024482964 -0.00047848912655595925 -0.0020120286427118116 -0.00038698740423761602 0.0039256409302084565 -0.0025453106952649622 -0.0005415951393913745 -4.233937136597715e-05 -0.00069807493655142162 0.0020132893538435124 -0.00086354714641963845 0.0010636883406623383 -0.0017054098395214593 -0.00045651610095356237 0.00039639592767565175 0.00063078832565541081 0 0.0023738413512164468 0.00043045385195590504 0.0011034089174986896 -0.00021098599889345706 0 0.0013633608414690842 -9.5920079681826258e-05 -0.00025812517523687953 0 -0.00026323563566464663 -0.0011360613942496939 0.00031835280976869924 -0.0009938666769134844 0.0013115927162399546 0 0.00034696274469217444 0.00043197294513447554 0.00015422346417462031 0.0019480669666081664 -0.00034528314549889824
leaf_weight=2952 207 232 47 97 37 540 41 32 75 336 658 678 171 53 209 313 300 109 43 46 127 32 233 2854 1667 150 1443 68 2250 82 58 526 706 205 41 169 179 422 432 525 137 89 78 110 207 92 46 36 170 44 279 104 532 466 372 144 77 625 95 145 64 53
leaf_count=2952 207 232 47 97 37 540 41 32 75 336 658 678 171 53 209 313 300 109 43 46 127 32 233 2854 1667 150 1443 68 2250 82 58 526 706 205 41 169 179 422 432 525 137 89 78 110 207 92 46 36 170 44 279 104 532 466 372 144 77 625 95 145 64 53
internal_value=-1.89503e-06 -8.9348e-05 0.000755623 -0.000537119 -0.00272188 0.00130341 6.35725e-05 0.000212692 0.00195824 0.00235471 -0.000463741 9.1904e-06 -0.000135489 -0.000105528 -0.000311536 -0.000384558 -0.000198667 0.000395066 0.000548317 -0.000801542 -0.00111229 -0.000252418 2.17616e-05 -0.000185226 9.90801e-05 8.92835e-05 -0.000318031 -0.000232888 -0.000396113 0.0026016 -0.000568027 -0.000770246 0.000383461 -0.00122785 0.000491691 -0.00010435 -5.68328e-05 -0.00140158 -0.000205185 0.000261986 0.000502161 0.000942605 0.00134066 -0.000342367 0.000475993 -0.000461739 -0.000599874 0.000122656 0.000305511 0.00069134 0.000431555 8.93558e-05 -0.000903171 0.000201885 -0.000860984 0.00068883 0.00063986 0.000129328 0.000453709 0.000723313 0.00114434 0.00047508
internal_weight=23310 20916 2394 5349 166 1301 15567 8943 617 465 5183 4121 6624 3319 3605 3287 2442 318 428 1578 800 69 2578 6196 2345 1093 2101 5630 2428 418 741 584 4822 754 341 3202 3033 627 582 566 802 304 215 2360 3491 778 650 128 385 215 3284 157 845 498 418 684 152 1331 511 304 159 3005
internal_count=23310 20916 2394 5349 166 1301 15567 8943 617 465 5183 4121 6624 3319 3605 3287 2442 318 428 1578 800 69 2578 6196 2345 1093 2101 5630 2428 418 741 584 4822 754 341 3202 3033 627 582 566 802 304 215 2360 3491 778 650 128 385 215 3284 157 845 498 418 684 152 1331 511 304 159 3005
is_linear=0
shrinkage=0.03


Tree=6
num_leaves=63
num_cat=0
split_feature=62 21 60 3 60 60 39 21 63 63 17 60 63 35 5 60 8 3 22 25 33 1 25 63 25 40 60 35 24 43 8 37 63 60 60 32 36 7 33 60 33 33 60 35 60 35 44 19 44 14 60 40 17 63 22 33 39 3 14 63 62 20
split_gain=1.61147 1.50598 0.892167 0.845394 0.504983 0.484358 0.37877 0.318905 0.287588 0.262812 0.257728 0.266216 0.318763 0.229627 0.223782 0.218234 0.233051 0.217721 0.200454 0.195355 0.175302 0.15251 0.151683 0.137478 0.127484 0.115415 0.18278 0.114559 0.111766 0.200483 0.109215 0.107628 0.106305 0.25537 0.105774 0.103219 0.128074 0.135168 0.096679 0.0954541 0.0942794 0.092438 0.0849629 0.0844322 0.114777 0.0846904 0.0806289 0.0738414 0.0732332 0.0725774 0.0690765 0.0670204 0.0669677 0.0889396 0.0640472 0.069725 0.0630691 0.0589929 0.0568672 0.0544575 0.0974856 0.0531185
threshold=3.0461025534518908 0.50213403956139524 1.7041737832038704 0.053127090731305712 7.612814060584566 0.49895016429579758 0.32926667853830077 0.1528598465923442 8.12743082002231 6.128378601644747 44.297569696900986 2.0047314906161122 -2.6560150597131567 0.099999999999999992 0.99421965317919103 1.4767199209249224 1.1374956454601224 0.015463917525773191 -0.43293167637285096 -13.113390691853526 1.1002940303862159 -0.069116058950578083 15.923762324127091 -9.2314054426053982 3.6580922792946216 0.0363988090805357 0.61018384489951683 0.057151189434654033 4.5193937969924827 -0.086070866783386865 1.7321632524601243 0.042743264411537869 6.2750815086714331 2.3788188887518831 1.2380736479375358 0.10626723364357109 0.042370841255722554 1.8557581670911831 1.0436448985484865 1.6206653297808238 0.98016271384693743 1.0064923970233433 3.4033523838459518 0.099424223121532332 0.98177411423712202 0.10023310023310018 2.8440000000000003 54.387866519400468 2.8440000000000003 1.0490147343641587 1.9174752434104765 0.025238599025828479 47.955607144171907 7.5970922813825235 -0.30128928893014645 1.0548496698618284 0.10763671603393123 0.020492757717592899 1.4238762192457395 3.3890201106383526 3.7498753246754895 2.4873609209577077
decision_type=2 2 2 2 2 2 2 2 2 2 2 2 2 2 2 2 2 2 2 2 2 2 2 2 2 2 2 2 2 2 2 2 2 2 2 2 2 2 2 2 2 2 2 2 2 2 2 2 2 2 2 2 2 2 2 2 2 2 2 2 2 2
left_child=1 5 20 10 8 7 18 30 9 -4 11 15 49 23 17 16 27 21 -5 -18 34 -9 31 -7 -23 32 -27 -3 38 -30 46 -15 33 -25 59 40 37 -37 -19 -17 -16 47 -28 -12 45 -45 54 -32 -36 -13 -41 -43 53 56 -1 -56 -11 -48 -10 -2 -61 -6
right_child=2 3 4 6 61 13 -8 14 58 52 43 12 -14 22 35 39 19 28 -20 -21 -22 24 -24 25 -26 26 42 -29 29 -31 41 -33 -34 -35 48 36 -38 -39 -40 50 -42 51 -44 44 -46 -47 57 -49 -50 -51 -52 -53 -54 -55 55 -57 -58 -59 -60 60 -62 -63
leaf_value=-0.00020266467315979814 -0.00023014156788121908 -0.00041227635175825392 0 -0.0040350337145687301 0.00075716150010627183 0.0002532972339737825 0 -0.000633305518195437 0.0012046964499351912 0.0020402639462069297 -0.0001315295103473885 0.0011056929086480523 -0.00093116001312098292 0.00058062270049049399 -0.00086955602712658858 -0.0018084971537764155 0.00083100450984645812 0.00082715256603312971 -0.00054547915565631084 -0.00076017317493542796 -0.001715608611702919 0.00040714064454594934 0.0022568550735013559 -0.00012873268035207494 -4.4993648913847537e-05 -0.0019525425815853574 -0.00037538294319684561 0.00018603004957645222 -0.0024702456270904926 -0.00051679930954687356 0 -0.00057831144037499393 -0.00083779314147335851 0.0010319549739336556 -0.00022644411803715532 0.00089310239219278292 0 0.0033842586563719856 -0.00062705809215631361 -0.00043496233463370931 0.00034884657884456726 -0.00011393581108174296 0.00041765658323325821 0.001665062729342364 -0.00027119714033896803 0 0.0011184324404241554 -0.00081754929658575659 0.00069499462903133287 0 -0.0015694306480594255 0.00044582694036814779 0.00082731202796465996 0.0023005949661958785 0.00047430991172882884 -7.7362011662475628e-05 0.0051409381069242952 0 0 0.0011352209298110211 0.00011796573728388806 0
leaf_weight=115 47 688 47 102 617 566 34 271 75 35 727 194 142 303 61 197 62 87 30 2153 44 858 43 2854 1483 68 2250 454 58 532 350 82 169 179 503 170 99 30 70 233 402 205 110 85 60 30 290 123 87 65 93 763 45 297 2729 173 41 74 77 199 213 67
leaf_count=115 47 688 47 102 617 566 34 271 75 35 727 194 142 303 61 197 62 87 30 2153 44 858 43 2854 1483 68 2250 454 58 532 350 82 169 179 503 170 99 30 70 233 402 205 110 85 60 30 290 123 87 65 93 763 45 297 2729 173 41 74 77 199 213 67
internal_value=-1.76515e-06 -8.68073e-05 0.000734698 -0.000521323 0.00126615 6.15578e-05 -0.00264113 0.000206223 0.00190183 0.00228589 -0.000450041 -0.000547148 0.000159148 -0.000131491 8.67939e-06 -0.000624031 -0.000526943 -9.29244e-05 -0.0033648 -0.000708511 8.78166e-05 3.08856e-05 0.000531028 -0.000179754 0.000114416 -0.000225991 -0.000384254 -0.000161343 -0.000545361 -0.000738069 0.000371902 0.000294066 -0.000101219 -5.49703e-05 0.000179308 0.000475757 0.000921099 0.00135638 8.39766e-05 -0.00121639 0.000154467 0.000137942 -0.000331905 0 0.000600164 0.00118252 0.000467111 -0.000186137 -6.42442e-05 0.000815897 -0.00080828 0.000311807 0.00252507 0.00268702 0.000406858 0.00043624 0.00395284 0.000922943 0.000621603 0.000524439 0.000647189 0.000668901
internal_weight=23310 20916 2394 5349 1301 15567 166 8943 617 465 5183 4281 401 6624 4121 3880 3357 3359 132 2215 1093 2612 428 6196 2341 5630 2428 1142 747 590 4822 385 3202 3033 1049 762 299 200 157 523 463 1441 2360 902 175 115 3381 473 590 259 326 968 418 373 3017 2902 76 364 152 459 412 684
internal_count=23310 20916 2394 5349 1301 15567 166 8943 617 465 5183 4281 401 6624 4121 3880 3357 3359 132 2215 1093 2612 428 6196 2341 5630 2428 1142 747 590 4822 385 3202 3033 1049 762 299 200 157 523 463 1441 2360 902 175 115 3381 473 590 259 326 968 418 373 3017 2902 76 364 152 459 412 684
is_linear=0
shrinkage=0.03


Tree=7
num_leaves=63
num_cat=0
split_feature=62 21 3 61 13 61 21 42 8 62 63 2 25 67 35 21 40 24 1 3 9 44 63 43 35 63 32 9 40 25 42 6 23 65 10 24 63 9 14 35 43 18 61 46 37 66 61 24 17 39 35 63 39 37 15 14 61 12 14 41 62 37
split_gain=1.5209 1.41932 0.796463 0.611418 0.592077 0.381358 0.29329 0.269986 0.249366 0.246946 0.622209 0.235952 0.205111 0.204135 0.204001 0.182072 0.180849 0.306765 0.163001 0.154101 0.144858 0.144524 0.14236 0.136566 0.131473 0.13162 0.129089 0.12894 0.123296 0.12309 0.12186 0.120618 0.115582 0.109505 0.103799 0.10211 0.0998768 0.0946777 0.0890643 0.0911851 0.0787583 0.0781067 0.0775528 0.0970168 0.0729922 0.0693325 0.0682797 0.0656706 0.064883 0.0725461 0.064519 0.0638656 0.0625967 0.0611417 0.0608424 0.0596701 0.0557198 0.0549586 0.0535369 0.0518478 0.0511941 0.0491551
threshold=3.0461025534518908 0.50213403956139524 0.053127090731305712 0.77844826410260193 0.96556580520741153 1.5584594184618574 0.1528598465923442 -0.070683349479160981 1.1289475127802686 5.0002723516727308 7.5970922813825235 0.00084889888158651489 -12.559078125666469 4.2660000000000009 0.099999999999999992 0.92832349673622738 0.065984422500696097 5.5990726817042615 -0.065010565934205275 0.014101810840941196 0.93946453185355516 4.410000000000001 -8.6539482403164083 -1.0000000180025095e-35 0.099290780141844018 -4.308686711508579 0.062732937423716786 1.1642270142226645 0.0363988090805357 1.6865008078564829 -0.054233433515070033 1.2895626190645262 4.4613272454664115 0.062916025552922208 2.086454129384911 15.922192199248121 6.2750815086714331 1.0787403969540317 1.3650952786518322 0.057151189434654033 -0.023916236384535047 51.277761014588755 1.1959297438121606 85.501500471380638 0.012932501584469904 -0.022317638855202545 1.1326484040304734 4.3746036967418549 44.297569696900986 0.0064789121954990101 0.097488656470629556 7.5970922813825235 0.42193774008842516 -0.1268648838483499 1.6216403754528692 0.97746973760255385 0.86566689195293256 1.1580001879311503 0.79879762464653081 0.2197759161075554 3.4012865162249111 -0.055313744249416645
decision_type=2 2 2 2 2 2 2 2 2 2 2 2 2 2 2 2 2 2 2 2 2 2 2 2 2 2 2 2 2 2 2 2 2 2 2 2 2 2 2 2 2 2 2 2 2 2 2 2 2 2 2 2 2 2 2 2 2 2 2 2 2 2
left_child=1 3 7 6 -4 9 32 8 31 10 13 30 35 33 28 21 55 -18 41 29 -6 -14 -17 24 -9 -26 -21 -11 36 -20 53 38 54 52 -32 -10 44 50 39 -3 59 47 46 -44 58 -25 -12 -13 49 -47 -34 -29 60 -8 -1 -16 -50 -55 -5 -33 -2 -56
right_child=5 2 4 14 20 -7 11 23 12 27 42 18 15 -15 16 22 17 -19 19 26 -22 -23 -24 45 25 -27 -28 51 -30 -31 34 40 37 -35 -36 -37 -38 -39 -40 -41 -42 -43 43 -45 -46 48 -48 -49 56 -51 -52 -53 -54 57 61 -57 -58 -59 -60 -61 -62 -63
leaf_value=0.00059972338141899158 0.00051831255586503049 -0.00066081161743326193 -0.0040761244493032972 0.00039519619174739894 -0.0016238793485650891 0.0032075791581729915 0.0010855183207861365 -7.7473736296561029e-05 0.0016041906725149601 -0.00012586838270124692 0.0013745174721597917 0 -0.00080636898208389382 0.0024391045084485082 0.00093063625512269336 8.6021628230810156e-05 0.0041016750600594547 0 0.00044870180503479731 0.00020456390712102543 0.00099811093209692349 0.00028998145417842482 -0.0014501690022599447 0.00062826058547943832 -0.00024356145637712497 0.0016707596787614975 -0.0006073012587798055 0 -0.00039732043226818338 -9.1179814631222785e-06 0.00063366183252204576 0.00096293179305212103 0.00026007348134597977 0.0010651456884533624 0.0024829399590625572 -0.00043674827132734556 -0.00081280717716607101 -6.8156882447198053e-05 -0.0019936307799071074 0 -0.00041673827422941527 0.00039098585188116457 0.0024493622748605623 0.00050490074270346662 -0.00025795014941363778 0.00010086305114312161 0 -0.00084425665599500738 0.00012627112750096921 -0.00067425885889193062 0.0010271537612472105 0.00094974101848170286 -0.00084493649965180541 0.00021916899196877055 0.00071878352121801294 -4.0383895312412345e-05 -0.00047204660552426728 -0.00049133317716267152 -1.3668830032827298e-05 0 2.6944469758146141e-05 0.00010161495707524022
leaf_weight=1888 433 429 97 339 37 56 50 1029 40 451 144 110 556 47 66 39 30 34 746 223 32 111 693 44 33 81 557 58 2353 1602 393 119 1610 180 37 30 169 732 38 265 98 52 236 49 1028 86 32 405 267 903 123 202 40 300 170 236 244 144 1525 78 466 645
leaf_count=1888 433 429 97 339 37 56 50 1029 40 451 144 110 556 47 66 39 30 34 746 223 32 111 693 44 33 81 557 58 2353 1602 393 119 1610 180 37 30 169 732 38 265 98 52 236 49 1028 86 32 405 267 903 123 202 40 300 170 236 244 144 1525 78 466 645
internal_value=-1.68854e-06 -8.43246e-05 -0.000506161 5.9683e-05 -0.00256425 0.00071376 0.000204888 -0.00043687 -0.000664542 0.000646269 0.000852235 2.76249e-05 -0.000920009 0.000465087 -0.000183584 -0.00100332 0.000487987 0.00194322 -7.61567e-05 3.99883e-06 -0.000196711 -0.000601302 -0.00134785 -0.000219632 1.65413e-05 0.00098888 -0.00035602 0.00015335 -0.000231836 0.000130083 0.000458489 -0.000283996 0.000360383 0.000366678 0.00083298 0.000524403 -9.96407e-05 0.000201292 -0.000496306 -0.000389987 0.000192041 -0.000543992 0.00179585 0.00217043 -5.25139e-05 -0.000404074 0.00109569 -0.000668042 -0.000444747 -0.000591672 0.000323729 0.000693783 0.000215839 0.000101188 0.00049979 0.000124692 -0.00013049 0 5.28193e-05 0.000571218 0.00028059 0.000249455
internal_weight=23310 20916 5349 15567 166 2394 9787 5183 2496 2338 1627 4619 1469 1166 5780 1399 366 64 3695 3128 69 667 732 2687 1143 114 780 711 5414 2348 924 1027 5168 1119 430 70 3061 2465 732 694 295 567 461 285 2892 1544 176 515 1500 989 1733 260 939 494 2703 302 511 444 1864 197 899 815
internal_count=23310 20916 5349 15567 166 2394 9787 5183 2496 2338 1627 4619 1469 1166 5780 1399 366 64 3695 3128 69 667 732 2687 1143 114 780 711 5414 2348 924 1027 5168 1119 430 70 3061 2465 732 694 295 567 461 285 2892 1544 176 515 1500 989 1733 260 939 494 2703 302 511 444 1864 197 899 815
is_linear=0
shrinkage=0.03


Tree=8
num_leaves=63
num_cat=0
split_feature=56 21 3 56 61 56 61 21 42 8 4 35 25 33 67 56 61 61 63 0 61 0 3 26 0 25 32 42 26 44 10 32 25 42 63 63 17 42 32 61 21 9 44 61 46 10 21 40 63 6 41 37 63 11 21 11 46 22 6 27 12 7
split_gain=1.44699 1.25385 0.762194 0.468924 0.450657 0.397201 0.325296 0.277316 0.275544 0.224581 0.223122 0.205636 0.1819 0.178386 0.165816 0.157338 0.243295 0.201447 0.2152 0.153323 0.149346 0.14907 0.146485 0.135342 0.131721 0.117777 0.117105 0.114245 0.133018 0.112995 0.114945 0.107426 0.106631 0.174025 0.105693 0.104927 0.111146 0.104823 0.104753 0.101692 0.0905172 0.0891482 0.0868685 0.0861894 0.0850572 0.0729446 0.116036 0.0879901 0.0713567 0.070552 0.070022 0.0697528 0.06761 0.0661777 0.0638572 0.0621389 0.0611194 0.0598077 0.0963167 0.09181 0.0594572 0.059308
threshold=2.5457975021176975 0.50213403956139524 0.053127090731305712 2.6871826428058081 0.77844826410260193 5.6344245410805298 0.64098806351291804 0.1528598465923442 -0.070683349479160981 1.1374956454601224 0.99908922176526815 0.099999999999999992 4.0736749896634032 1.0181479833152609 4.2660000000000009 -0.14241052615038827 0.93313491415549155 0.9575892856251671 -0.39614023121211089 0.063789555839364312 1.2374316575660562 0.069566768524407144 0.014101810840941196 22.635903758503584 0.0919189208364566 1.6865008078564829 0.062732937423716786 -0.054233433515070033 33.797342228484169 4.1535000000000002 1.4118911884997882 0.082389305514034061 -12.559078125666469 -0.17532148294902131 8.312468669893315 6.826669027935873 54.201737214822877 -0.10174057937561319 0.084122400513642795 0.78850174066286416 1.0737299056607148 0.99506448343107878 3.7800000000000002 1.1480033256845203 77.122084195888945 1.5202546071770546 0.36245976679341624 0.065984422500696097 -8.6539482403164083 1.3643784047435701 0.49458829415418609 -0.14168421255035421 -9.2314054426053982 1.0534258943201322 2.2846462138616714 0.56756809959508714 81.718149649185065 -0.40649692857908554 1.3250226929086903 5.7213312974024388 1.2558465967319272 1.4672503756156969
decision_type=2 2 2 2 2 2 2 2 2 2 2 2 2 2 2 2 2 2 2 2 2 2 2 2 2 2 2 2 2 2 2 2 2 2 2 2 2 2 2 2 2 2 2 2 2 2 2 2 2 2 2 2 2 2 2 2 2 2 2 2 2 2
left_child=1 4 8 20 7 14 13 29 9 23 21 15 32 41 37 17 -17 18 52 -13 -2 22 25 38 -25 -9 -24 60 31 30 -1 -29 51 -34 43 36 39 54 -3 61 42 -4 -14 -18 -32 46 47 -21 -41 -40 -42 -11 -6 -38 55 -5 -37 59 -59 -23 -12 -10
right_child=3 2 6 5 11 -7 -8 10 35 12 27 19 40 -15 -16 16 34 -19 -20 45 -22 57 26 24 -26 -27 -28 28 -30 -31 44 -33 33 -35 -36 56 53 -39 49 48 50 -43 -44 -45 -46 -47 -48 -49 -50 -51 -52 -53 -54 -55 -56 -57 -58 58 -60 -61 -62 -63
leaf_value=0.00041364726228515167 0.0023178032751289628 0.00010962268312299705 -0.0045575045346808825 0.00043671112261654344 0.00019858924963347458 0.0031276293911995656 0 0.00043611703752233016 0.00013314847981241951 0.0015242248614702153 0.00031680641493668239 0.002621197043242113 -0.0010422492240034812 -0.00041552356654597864 0.0019663552949537658 0.0013494251290003061 -2.5469872073120067e-05 -0.00075070162113602032 0.00045763757113886742 0.00053216951575093695 0 -0.0025633058829150875 0.00018319274296093655 -8.5316623082690052e-05 0.0013822367851818972 -1.2191580487752703e-05 -0.00058911487332768042 0.00052127874524491582 0.00051156697324534236 0.00078427552426793535 -0.0001209932504864253 0.0034923669664021872 -0.0015776889946771207 -0.00037399556605633712 0.00057917646399352864 0.0011442138518415097 0 0.00010045279688499833 -0.00096965656335105152 0.00059857788464675351 -0.0019405301433805186 -0.0016855579139174598 0 -0.00052140413630047194 0.00029298709388454031 -0.00017156470170828387 -0.00049212480498681541 0.0024024591143601212 -0.00048350020821305974 0 -0.00035425309346081982 -7.0937004209937238e-05 -0.00034436811566640235 0.001585726361788277 0 0.0013256630527118162 0 0.00013996884221693077 -0.00067773074166184823 0 -0.00039761815435138402 -0.00029404623628029504
leaf_weight=2916 238 114 68 239 192 56 33 745 630 33 368 30 328 30 69 115 1802 735 392 152 35 33 221 479 60 1596 557 40 366 526 803 31 150 614 206 75 88 619 373 44 236 37 62 403 923 133 47 38 1413 70 56 37 2086 41 56 181 111 170 329 32 133 515
leaf_count=2916 238 114 68 239 192 56 33 745 630 33 368 30 328 30 69 115 1802 735 392 152 35 33 221 479 60 1596 557 40 366 526 803 31 150 614 206 75 88 619 373 44 236 37 62 403 923 133 47 38 1413 70 56 37 2086 41 56 181 111 170 329 32 133 515
internal_value=-1.4372e-06 -6.39282e-05 -0.000446812 0.000901126 7.04765e-05 0.000630676 -0.00244823 0.000198628 -0.000382855 -0.000609005 2.62235e-05 -0.000125303 -0.00085011 -0.00309853 0.000495091 -0.000171642 1.92061e-06 -0.000304766 -0.000176158 0.0005231 0.00204827 -7.55399e-05 9.02579e-07 -0.000261362 5.25268e-05 0.000124199 -0.000350523 0.000441421 0.00080108 0.000349848 0.000297233 0.00205734 -0.000519893 -0.000631684 -5.66666e-05 -0.000175071 -0.000225868 0.000386985 -0.000591539 -0.000272549 -0.00123061 -0.00371244 -0.000845033 -0.000123105 9.17438e-05 0.000305947 0.000636537 0.000995381 -0.000440146 -0.000805598 -0.00168975 0.000480677 -0.000291956 0.000595174 0.00072716 0.000857675 0.000487785 -0.00052408 -0.000369433 -0.00146043 9.68541e-05 -4.59958e-05
internal_weight=23310 21817 5697 1493 16120 1220 168 9789 5529 2612 4621 6331 1516 135 1164 5931 2526 3405 2670 400 273 3683 3119 1096 539 2341 778 938 437 5168 4642 71 834 764 2411 2917 2731 1095 557 2602 682 105 390 2205 1726 370 237 190 1457 443 292 70 2278 129 476 420 186 564 499 65 501 1145
internal_count=23310 21817 5697 1493 16120 1220 168 9789 5529 2612 4621 6331 1516 135 1164 5931 2526 3405 2670 400 273 3683 3119 1096 539 2341 778 938 437 5168 4642 71 834 764 2411 2917 2731 1095 557 2602 682 105 390 2205 1726 370 237 190 1457 443 292 70 2278 129 476 420 186 564 499 65 501 1145
is_linear=0
shrinkage=0.03


Tree=9
num_leaves=63
num_cat=0
split_feature=56 21 56 60 61 56 33 61 24 61 60 36 21 4 35 35 36 46 18 38 56 60 61 22 0 43 0 61 60 61 60 60 23 33 36 9 12 60 61 61 15 13 18 36 56 10 21 40 35 61 0 13 23 18 35 7 22 15 56 35 0 24
split_gain=1.36586 1.18137 0.440125 0.429288 0.423957 0.373315 0.362476 0.3575 0.555891 0.293179 0.289964 0.28269 0.260815 0.210968 0.20887 0.193762 0.170936 0.155367 0.151868 0.181571 0.147928 0.236997 0.18952 0.147562 0.144289 0.141051 0.140618 0.139597 0.138949 0.120617 0.116472 0.11641 0.108025 0.0981105 0.0968659 0.0872441 0.0859364 0.0854529 0.0842993 0.0791075 0.0749682 0.0748835 0.0726023 0.0736505 0.0699376 0.0689874 0.110249 0.0820255 0.0681592 0.067327 0.0614673 0.0613237 0.0789935 0.0602719 0.058517 0.0601819 0.0582436 0.057517 0.0565603 0.0546024 0.0519426 0.0496869
threshold=2.5457975021176975 0.50213403956139524 2.6871826428058081 2.1155771497019598 0.77844826410260193 5.6344245410805298 0.94053836891570608 0.69905003500096241 10.583028665413536 0.94136048487153456 1.4767199209249224 -0.076479669818485516 0.1528598465923442 0.99908922176526815 0.099424223121532332 0.099999999999999992 -0.018399778402445773 62.60211705367945 43.251008366273702 0.070998362052813194 -0.14241052615038827 3.017388861474593 0.9575892856251671 -0.47271687828698333 0.063789555839364312 -0.0094981660949683949 0.069566768524407144 1.2374316575660562 1.6206653297808238 1.4222763889276915 1.0751278456841418 0.55045792126310189 4.4613272454664115 1.0278331001965519 0.095097895527867196 1.0787403969540317 2.3800190200628299 3.4033523838459518 1.3773315826742334 1.2245350312296084 1.1021294943386684 1.0734724027568878 51.277761014588755 -0.083664676607364749 -0.20159189902249072 1.5202546071770546 0.36245976679341624 0.065984422500696097 0.04503843653807927 0.96228308889308722 0.089205255513898699 1.5409926613767921 15.832002322384744 44.329190852076884 0.097488656470629556 1.8155495445723735 -0.17453356057908834 2.4084756757116472 3.6459633496738646 0.084866617014794046 0.099654090932639341 43.534471334586478
decision_type=2 2 2 2 2 2 2 2 2 2 2 2 2 2 2 2 2 2 2 2 2 2 2 2 2 2 2 2 2 2 2 2 2 2 2 2 2 2 2 2 2 2 2 2 2 2 2 2 2 2 2 2 2 2 2 2 2 2 2 2 2 2
left_child=1 4 27 6 12 16 7 8 -3 41 14 -10 32 26 18 20 58 -13 19 -8 22 30 31 33 -17 -25 34 -2 48 38 56 -6 57 -16 40 54 51 -33 -18 -32 -14 -5 43 -28 -30 46 47 -26 -12 -23 -20 52 -15 -11 -34 -56 -22 -1 -4 -24 -53 -31
right_child=2 3 5 9 15 -7 10 -9 11 53 28 17 13 36 23 24 29 -19 50 -21 21 49 59 25 45 -27 42 -29 44 61 39 37 35 -35 -36 -37 -38 -39 -40 -41 -42 -43 -44 -45 -46 -47 -48 -49 -50 -51 -52 60 -54 -55 55 -57 -58 -59 -60 -61 -62 -63
leaf_value=0.00052083502392412427 0.0022485601071544257 0.00011510993710116427 5.1869213329477897e-05 0.0011498692726385315 -0.0018757661451692569 0.0030354465952290122 -0.00044407980645615148 0 -0.0052659771107853607 -0.00091349436640878444 -0.00019176083396394881 0 0.00023059484298678035 0.00056491983225043414 2.2191925984157551e-05 0.0025450977832154036 0.00018230390800486572 -0.002983290045860816 5.8631330645743683e-05 -0.0013203139227044858 -0.00016132599131551135 0.0015603261499200017 -0.00080094535932627615 0.0014166576683296136 0.00051630877481097833 5.4151121503351607e-05 -0.0021286437841241852 0 -0.00076709997718984113 0.00070622774396577606 -0.0003702031140987639 -0.00017925522013201989 0.00024212392300744135 -0.0011839568543003003 -0.0012904765159028637 -7.2888067640905109e-05 0.0020898336012877762 0.00069375491821891484 -0.00083390616893490419 0.00060899496287279556 -7.720553958846369e-05 0 0.00038970608234554881 -0.00049140131144667979 0.00020549633867493919 -0.00016645617241825241 -0.00047766864776349388 0.0023322333785920188 -0.0017968100324022519 0.00021441823197069186 -0.00093388147159769645 0.00010440501511766342 -0.00042828879729356795 0.00026951834613892943 0.0014940056138575172 0 0.00027200249908212402 1.7850960900362294e-06 0.0022554348139335583 0 -0.001065723433397537 0
leaf_weight=2431 238 50 30 261 36 56 2674 102 51 133 51 36 1088 709 128 30 336 54 627 255 379 104 684 120 152 216 33 35 397 574 1070 2536 1610 86 50 732 30 98 92 68 1981 79 52 479 52 133 47 38 235 94 60 95 62 30 76 47 811 272 66 51 42 66
leaf_count=2431 238 50 30 261 36 56 2674 102 51 133 51 36 1088 709 128 30 336 54 627 255 379 104 684 120 152 216 33 35 397 574 1070 2536 1610 86 50 732 30 98 92 68 1981 79 52 479 52 133 47 38 235 94 60 95 62 30 76 47 811 272 66 51 42 66
internal_value=-1.23397e-06 -6.19662e-05 0.000875645 -0.00043363 6.84726e-05 0.000613051 -0.000515925 -0.00156042 -0.0023247 0.000385723 -0.000450116 -0.00329023 0.000192787 2.5483e-05 -0.000347501 -0.000121374 0.000481129 -0.00196024 -0.00043159 -0.000525909 -0.000166412 1.70132e-06 -0.000295495 0.000177904 0.000507773 0.000588031 -7.3374e-05 0.00198788 -0.0010101 0.000353408 -7.72455e-05 -0.000170532 0.000339447 -0.000396007 7.31443e-07 0.000185501 0.000429278 -0.000140831 -2.6034e-06 -0.000298039 2.70672e-05 0.000904568 -0.000509013 -0.00063011 -0.000620921 0.000295739 0.000617749 0.000968337 -0.00156453 0.00100103 -7.48008e-06 0.000355674 0.00046517 -0.000603983 0.000303272 0.000974284 0.000121379 0.000474171 0.00172909 -0.000728211 -0.000150748 0.000614524
internal_weight=23310 21817 1493 5697 16120 1220 5194 293 191 503 4901 141 9789 4621 4166 6331 1164 90 3616 2929 5931 2526 3405 550 400 336 3683 273 735 1068 2328 2670 5168 214 3119 2465 938 2634 428 1138 3069 340 564 512 449 370 237 190 286 198 687 908 771 163 1733 123 1190 2703 96 735 137 640
internal_count=23310 21817 1493 5697 16120 1220 5194 293 191 503 4901 141 9789 4621 4166 6331 1164 90 3616 2929 5931 2526 3405 550 400 336 3683 273 735 1068 2328 2670 5168 214 3119 2465 938 2634 428 1138 3069 340 564 512 449 370 237 190 286 198 687 908 771 163 1733 123 1190 2703 96 735 137 640
is_linear=0
shrinkage=0.03


Tree=10
num_leaves=63
num_cat=0
split_feature=56 21 36 63 37 61 22 61 63 63 42 7 25 22 36 67 24 62 42 56 61 40 37 61 46 25 3 32 44 44 33 36 61 62 9 56 62 61 14 63 21 63 44 63 7 3 62 20 33 44 32 5 0 40 14 3 40 35 46 24 21 41
split_gain=1.31526 1.09163 0.638738 0.514594 0.4843 0.695675 0.613361 0.398127 0.380695 0.306726 0.361077 0.230753 0.23602 0.218261 0.18689 0.179451 0.164958 0.159469 0.156879 0.152872 0.214384 0.149785 0.136364 0.128104 0.160454 0.119488 0.11933 0.190497 0.165334 0.146002 0.15125 0.124279 0.115894 0.158224 0.115192 0.114483 0.094949 0.0929289 0.125487 0.0906267 0.088925 0.0886449 0.0864873 0.0860602 0.084773 0.0846606 0.0818902 0.0814447 0.07808 0.0771367 0.0727053 0.0712772 0.0704872 0.0702616 0.0684247 0.0649411 0.062489 0.0609947 0.0575983 0.0551384 0.055091 0.0540209
threshold=2.399069424583911 0.38552436583329969 -0.065684880892510719 6.128378601644747 -0.19789835590941982 0.64098806351291804 -0.30681731277478447 0.78850174066286416 8.5118286317388065 -8.6539482403164083 -0.041162227602905492 1.1281517312338971 -1.3298541622202149 -0.12463271396175261 -0.1079055358512999 2.754 4.0160111215538858 4.6382067218272107 -0.12846617793806084 -0.12390447336845799 0.93313491415549155 0.065984422500696097 -0.11667897587395358 1.4222763889276915 80.464193385713443 12.360019911614097 0.001792114695340466 0.15027313301456796 2.2152000000000007 3.3228000000000004 1.0548496698618284 0.055682497344444422 0.95900809914107665 -0.27284228445618725 0.80698879947387947 4.0920904067845436 -5.4003217417485256 0.9575892856251671 0.92706840242546573 8.12743082002231 0.70328674560601001 4.6074900329927795 5.7600000000000007 -7.8692779507470485 1.4479886182734638 0.019354838709677514 -4.5080167696087736 -0.011723481600444783 1.0659315149111457 2.428500000000001 0.11499746611205051 0.95006561679790125 0.056340802894593874 0.03835532079453291 1.9786352792711208 0.019762845849802341 0.044350701915425401 0.054727689924447993 74.209853744039776 5.3137473965990436 0.22051475087824471 1.1772246975920206
decision_type=2 2 2 2 2 2 2 2 2 2 2 2 2 2 2 2 2 2 2 2 2 2 2 2 2 2 2 2 2 2 2 2 2 2 2 2 2 2 2 2 2 2 2 2 2 2 2 2 2 2 2 2 2 2 2 2 2 2 2 2 2 2
left_child=1 7 4 35 -3 6 14 13 15 21 11 43 34 16 -6 17 22 -5 -14 32 -21 46 -1 -19 -25 54 27 48 -29 30 44 -32 33 36 -13 -2 -9 38 53 42 -16 -40 60 -11 -28 52 57 -24 56 -35 -38 -8 -27 -12 -18 -7 -15 -4 -45 -44 -22 -39
right_child=3 2 9 8 5 55 51 19 -10 10 37 12 18 26 40 -17 25 23 -20 20 39 -23 47 24 -26 45 29 28 -30 -31 31 -33 -34 49 -36 -37 50 61 41 -41 -42 -43 59 58 -46 -47 -48 -49 -50 -51 -52 -53 -54 -55 -56 -57 -58 -59 -60 -61 -62 -63
leaf_value=0.0021011019756014531 0.00042014271440382259 0.0011562862647003791 0.00055431515095802418 0.0021296373152140452 -0.0056058946346579973 -0.000516841162178025 -0.0012419565275628515 0.00020604602525889557 0.00015276433297625963 -0.0013566304442154396 0.00020141138407617194 -0.00054643577120523429 -0.0013778537840387016 0.00040546452800252405 -0.00065544289660700143 0.0040513630507764617 8.3874242200176829e-05 0.00018751679916624079 -0.00065347188751609868 0.001453449284374735 0 0.0021486551052657889 0.0014890059286312377 0.0029956256274517026 0.00039312183888306698 0 0.00041754962534747147 0.0037841224549629258 0.00014515610623427414 0.00072890640630794213 0 -0.00098736118783082638 -0.00057575837877676776 7.5466608303537843e-05 9.2807200055816579e-05 -0.00075291960901507221 -0.00026436417344607229 -0.00039393091001498071 -0.00010473466575160185 0.00064607976121353755 -0.0034433713612723833 0.0012319552748332446 0.0016440613406510755 0.00019856468330616217 8.0442025317899293e-05 -0.001211272450216215 0.0016799546651203525 5.2315128858526459e-05 -0.00010344471719356908 0.0012053710100779426 -0.0014267134540683689 0.00038284027197908971 -0.00066270358281326472 0.0011043122622368465 -0.00088652555019838131 0.00097503473301633031 0.00089158805751223837 -0.00038176915478072172 -0.0002245183770105478 5.8513784684558833e-05 -0.00037316330027274718 0.00030073115165271842
leaf_weight=51 694 46 118 290 58 79 46 354 189 48 267 454 377 1391 30 38 1960 138 1879 98 1414 50 46 51 64 340 1412 31 32 479 427 158 710 193 502 75 1802 636 1007 190 70 45 41 458 1537 109 32 261 157 99 56 30 209 154 65 38 389 125 721 81 471 94
leaf_count=51 694 46 118 290 58 79 46 354 189 48 267 454 377 1391 30 38 1960 138 1879 98 1414 50 46 51 64 340 1412 31 32 479 427 158 710 193 502 75 1802 636 1007 190 70 45 41 458 1537 109 32 261 157 99 56 30 209 154 65 38 389 125 721 81 471 94
internal_value=1.17026e-05 -4.71678e-05 -0.000345282 0.000859689 -0.00152268 -0.00191867 -0.00285979 0.000102562 0.00141264 -0.000275829 -0.00032137 -0.000477193 -0.000611983 0.000225408 -0.00393425 0.00179574 1.30973e-05 0.00160315 -0.000781726 -9.6618e-05 8.56474e-05 0.000606995 0.000621023 0.000934607 0.00169246 -6.26323e-05 0.000330268 0.000525569 0.00220128 0.00022909 0.000156915 -0.000271373 -0.000231419 -0.000127604 -0.000195346 0.000285425 -0.00021908 -5.08384e-07 0.000129745 1.71769e-05 -0.00277028 -3.21962e-05 -3.51825e-05 -0.000111919 0.000247023 -0.00041589 0.000265576 0.000320422 0.00046222 0.000512552 -0.000308215 -0.000409142 -0.000228785 0.000569068 4.48997e-05 0 0.000520565 1.17237e-05 -4.74246e-05 0.000722347 -9.25213e-05 -0.000283672
internal_weight=23466 21927 7364 1539 397 351 234 14563 770 6967 6642 4439 3212 9054 158 581 3041 543 2256 5509 2295 325 358 253 115 2683 6013 2000 63 4013 3534 585 3214 2504 956 769 2212 2203 1473 2197 100 1052 2007 1227 2949 658 275 307 1937 292 1858 76 549 421 2025 117 1780 243 1179 122 1885 730
internal_count=23466 21927 7364 1539 397 351 234 14563 770 6967 6642 4439 3212 9054 158 581 3041 543 2256 5509 2295 325 358 253 115 2683 6013 2000 63 4013 3534 585 3214 2504 956 769 2212 2203 1473 2197 100 1052 2007 1227 2949 658 275 307 1937 292 1858 76 549 421 2025 117 1780 243 1179 122 1885 730
is_linear=0
shrinkage=0.03


end of trees

feature_importances:
oamv_volatility_20d=68
oamv_change_5d=40
oamv_change_pct=38
oamv_amount_ratio=38
ret_1d=25
macd_hist=24
shadow_lower=23
j_prev=23
macd_dea=22
white_yellow_distance=22
ret_3d=22
b2_position_weight=21
oamv_change_3d=17
close_to_white=16
pullback_10d=16
volume_ratio_5d=14
volatility_10d=14
volume_trend_10d=13
yellow_line=13
gain_today=12
volume_trend_1d=12
white_line=12
j_diff=12
volume_ratio_1d=11
ret_5d=11
ret_20d=10
gap_ratio=9
volume_ratio_3d=9
volume_trend_3d=9
volume_ratio_20d=9
pullback_5d=9
brick_val=9
d=8
k=7
macd_dif=7
shadow_upper=6
volume_ratio_10d=6
volume_trend_20d=6
return_skew_10d=6
volume_trend_5d=4
j=4
close_to_high_ratio=3
volume_position=3
macd_hist_diff=3
ret_10d=3
oamv_agg_x_weight=3
close_position=2
j_5d_slope=2
oamv_agg_x_gain=2
oamv_def_x_pullback=2
brick_green_to_red=1
oamv_is_aggressive=1

parameters:
[boosting: gbdt]
[objective: regression]
[metric: rmse]
[tree_learner: serial]
[device_type: cpu]
[data_sample_strategy: bagging]
[data: ]
[valid: ]
[num_iterations: 1000]
[learning_rate: 0.03]
[num_leaves: 63]
[num_threads: 8]
[seed: 42]
[deterministic: 0]
[force_col_wise: 0]
[force_row_wise: 0]
[histogram_pool_size: -1]
[max_depth: 8]
[min_data_in_leaf: 30]
[min_sum_hessian_in_leaf: 0.001]
[bagging_fraction: 0.8]
[pos_bagging_fraction: 1]
[neg_bagging_fraction: 1]
[bagging_freq: 5]
[bagging_seed: 400]
[bagging_by_query: 0]
[feature_fraction: 0.7]
[feature_fraction_bynode: 1]
[feature_fraction_seed: 30056]
[extra_trees: 0]
[extra_seed: 12879]
[early_stopping_round: 0]
[early_stopping_min_delta: 0]
[first_metric_only: 0]
[max_delta_step: 0]
[lambda_l1: 0.5]
[lambda_l2: 1]
[linear_lambda: 0]
[min_gain_to_split: 0]
[drop_rate: 0.1]
[max_drop: 50]
[skip_drop: 0.5]
[xgboost_dart_mode: 0]
[uniform_drop: 0]
[drop_seed: 17869]
[top_rate: 0.2]
[other_rate: 0.1]
[min_data_per_group: 100]
[max_cat_threshold: 32]
[cat_l2: 10]
[cat_smooth: 10]
[max_cat_to_onehot: 4]
[top_k: 20]
[monotone_constraints: ]
[monotone_constraints_method: basic]
[monotone_penalty: 0]
[feature_contri: ]
[forcedsplits_filename: ]
[refit_decay_rate: 0.9]
[cegb_tradeoff: 1]
[cegb_penalty_split: 0]
[cegb_penalty_feature_lazy: ]
[cegb_penalty_feature_coupled: ]
[path_smooth: 0]
[interaction_constraints: ]
[verbosity: -1]
[saved_feature_importance_type: 0]
[use_quantized_grad: 0]
[num_grad_quant_bins: 4]
[quant_train_renew_leaf: 0]
[stochastic_rounding: 1]
[linear_tree: 0]
[max_bin: 255]
[max_bin_by_feature: ]
[min_data_in_bin: 3]
[bin_construct_sample_cnt: 200000]
[data_random_seed: 175]
[is_enable_sparse: 1]
[enable_bundle: 1]
[use_missing: 1]
[zero_as_missing: 0]
[feature_pre_filter: 1]
[pre_partition: 0]
[two_round: 0]
[header: 0]
[label_column: ]
[weight_column: ]
[group_column: ]
[ignore_column: ]
[categorical_feature: ]
[forcedbins_filename: ]
[precise_float_parser: 0]
[parser_config_file: ]
[objective_seed: 16083]
[num_class: 1]
[is_unbalance: 0]
[scale_pos_weight: 1]
[sigmoid: 1]
[boost_from_average: 1]
[reg_sqrt: 0]
[alpha: 0.9]
[fair_c: 1]
[poisson_max_delta_step: 0.7]
[tweedie_variance_power: 1.5]
[lambdarank_truncation_level: 30]
[lambdarank_norm: 1]
[label_gain: ]
[lambdarank_position_bias_regularization: 0]
[eval_at: ]
[multi_error_top_k: 1]
[auc_mu_weights: ]
[num_machines: 1]
[local_listen_port: 12400]
[time_out: 120]
[machine_list_filename: ]
[machines: ]
[gpu_platform_id: -1]
[gpu_device_id: -1]
[gpu_use_dp: 0]
[num_gpu: 1]

end of parameters

pandas_categorical:null
